cons	==1	9326419 (100.0)	5857403 (100.00)	1917456 (100.00)	867804 (100.00)
683756 (100.00)

agegroup	==1	1980114 (21.2)	1362197 (23.26)	369931 (19.29)	163745 (18.87)
84241 (12.32)
agegroup	==2	2229218 (23.9)	1022106 (17.45)	887533 (46.29)	89727 (10.34)
229852 (33.62)
agegroup	==3	2020752 (21.7)	891809 (15.23)	493528 (25.74)	341174 (39.31)
294241 (43.03)
agegroup	==4	2059973 (22.1)	1620311 (27.66)	127255 (6.64)	248005 (28.58)
64402 (9.42)
agegroup	==5	1036362 (11.1)	960980 (16.41)	39209 (2.04)	25153 (2.90)
11020 (1.61)
agegroup	==6	0 (0.0)	0 (0.00)	0 (0.00)	0 (0.00)
0 (0.00)
agegroup	==7	0 (0.0)	0 (0.00)	0 (0.00)	0 (0.00)
0 (0.00)

male	==0	4798485 (51.5)	2835100 (48.40)	1101706 (57.46)	477926 (55.07)
383753 (56.12)
male	==1	4527934 (48.5)	3022303 (51.60)	815750 (42.54)	389878 (44.93)
300003 (43.88)

bmicat	==1	180343 (1.9)	120703 (2.06)	35713 (1.86)	13316 (1.53)
10611 (1.55)
bmicat	==2	2884639 (30.9)	1821449 (31.10)	638176 (33.28)	236323 (27.23)
188691 (27.60)
bmicat	==3	2549108 (27.3)	1581903 (27.01)	537950 (28.06)	238848 (27.52)
190407 (27.85)
bmicat	==4	1285171 (13.8)	809198 (13.81)	251606 (13.12)	124830 (14.38)
99537 (14.56)
bmicat	==5	521071 (5.6)	330249 (5.64)	99579 (5.19)	50479 (5.82)
40764 (5.96)
bmicat	==6	281299 (3.0)	180757 (3.09)	51856 (2.70)	26979 (3.11)
21707 (3.17)
bmicat	>=.	1624788 (17.4)	1013144 (17.30)	302576 (15.78)	177029 (20.40)
132039 (19.31)

smoke	==1	4487023 (48.1)	2814406 (48.05)	935921 (48.81)	422501 (48.69)
314195 (45.95)
smoke	==2	2682821 (28.8)	1663487 (28.40)	572252 (29.84)	251174 (28.94)
195908 (28.65)
smoke	==3	1899725 (20.4)	1229821 (21.00)	368123 (19.20)	152660 (17.59)
149121 (21.81)
smoke	>=.	256850 (2.8)	149689 (2.56)	41160 (2.15)	41469 (4.78)
24532 (3.59)

ethnicity	==1	7727616 (82.9)	5013911 (85.60)	1516975 (79.11)	698054 (80.44)
498676 (72.93)
ethnicity	==2	159947 (1.7)	95345 (1.63)	35783 (1.87)	14424 (1.66)
14395 (2.11)
ethnicity	==3	835872 (9.0)	395115 (6.75)	232874 (12.14)	99438 (11.46)
108445 (15.86)
ethnicity	==4	308893 (3.3)	168173 (2.87)	68028 (3.55)	33359 (3.84)
39333 (5.75)
ethnicity	==5	294091 (3.2)	184859 (3.16)	63796 (3.33)	22529 (2.60)
22907 (3.35)
ethnicity	>=.	0 (0.0)	0 (0.00)	0 (0.00)	0 (0.00)
0 (0.00)

imd	==1	1749923 (18.8)	1077254 (18.39)	372963 (19.45)	187990 (21.66)
111716 (16.34)
imd	==2	1820254 (19.5)	1178720 (20.12)	361769 (18.87)	169396 (19.52)
110369 (16.14)
imd	==3	1941324 (20.8)	1265431 (21.60)	381715 (19.91)	169717 (19.56)
124461 (18.20)
imd	==4	2009353 (21.5)	1272359 (21.72)	408882 (21.32)	174319 (20.09)
153793 (22.49)
imd	==5	1805565 (19.4)	1063639 (18.16)	392127 (20.45)	166382 (19.17)
183417 (26.82)

tot_adults_hh	==1	2258563 (24.2)	1775995 (30.32)	303091 (15.81)	101001 (11.64)
78476 (11.48)
tot_adults_hh	==2	3847770 (41.3)	2057469 (35.13)	1087141 (56.70)	351565 (40.51)
351595 (51.42)
tot_adults_hh	==3	3220086 (34.5)	2023939 (34.55)	527224 (27.50)	415238 (47.85)
253685 (37.10)

bpcat	==1	2474242 (26.5)	1369169 (23.38)	661892 (34.52)	230083 (26.51)
213098 (31.17)
bpcat	==2	1346308 (14.4)	830157 (14.17)	294093 (15.34)	121746 (14.03)
100312 (14.67)
bpcat	==3	2932831 (31.4)	1883517 (32.16)	556986 (29.05)	281099 (32.39)
211229 (30.89)
bpcat	==4	1583954 (17.0)	1109621 (18.94)	228895 (11.94)	149121 (17.18)
96317 (14.09)
bpcat	>=.	989084 (10.6)	664939 (11.35)	175590 (9.16)	85755 (9.88)
62800 (9.18)
htdiag_or_highbp	==1	2218814 (23.8)	1597472 (27.27)	291605 (15.21)	203691 (23.47)
126046 (18.43)

chronic_respiratory_disease	==1	196058 (2.1)	159963 (2.73)	15811 (0.82)	13184 (1.52)
7100 (1.04)
asthma	==1	1605533 (17.2)	999644 (17.07)	336032 (17.52)	151784 (17.49)
118073 (17.27)
chronic_cardiac_disease	==1	274128 (2.9)	215345 (3.68)	26119 (1.36)	21099 (2.43)
11565 (1.69)

diabcat	==1	8869401 (95.1)	5521822 (94.27)	1864764 (97.25)	826668 (95.26)
656147 (95.96)
diabcat	==2	13021 (0.1)	8830 (0.15)	2529 (0.13)	998 (0.12)
664 (0.10)
diabcat	==3	39026 (0.4)	26983 (0.46)	6427 (0.34)	3349 (0.39)
2267 (0.33)
diabcat	==4	224757 (2.4)	167673 (2.86)	24086 (1.26)	19801 (2.28)
13197 (1.93)
diabcat	==5	175878 (1.9)	129217 (2.21)	18865 (0.98)	16642 (1.92)
11154 (1.63)
diabcat	==6	4336 (0.0)	2878 (0.05)	785 (0.04)	346 (0.04)
327 (0.05)

cancer_haem_cat	==2	2426 (0.0)	1798 (0.03)	295 (0.02)	203 (0.02)
130 (0.02)
cancer_haem_cat	==3	7575 (0.1)	5734 (0.10)	883 (0.05)	609 (0.07)
349 (0.05)
cancer_haem_cat	==4	19760 (0.2)	14456 (0.25)	2738 (0.14)	1662 (0.19)
904 (0.13)

cancer_exhaem_cat	==2	22819 (0.2)	17278 (0.29)	2419 (0.13)	2027 (0.23)
1095 (0.16)
cancer_exhaem_cat	==3	66001 (0.7)	50206 (0.86)	6956 (0.36)	5959 (0.69)
2880 (0.42)
cancer_exhaem_cat	==4	116002 (1.2)	91763 (1.57)	10376 (0.54)	9631 (1.11)
4232 (0.62)

reduced_kidney_function_cat	==2	95938 (1.0)	80065 (1.37)	6639 (0.35)	6384 (0.74)
2850 (0.42)
reduced_kidney_function_cat	==3	9339 (0.1)	7299 (0.12)	919 (0.05)	719 (0.08)
402 (0.06)
esrd	==1	11489 (0.1)	8705 (0.15)	1352 (0.07)	881 (0.10)
551 (0.08)
chronic_liver_disease	==1	54259 (0.6)	41384 (0.71)	6434 (0.34)	3628 (0.42)
2813 (0.41)
stroke_dementia	==1	76482 (0.8)	61468 (1.05)	6661 (0.35)	5429 (0.63)
2924 (0.43)
other_neuro	==1	65970 (0.7)	50409 (0.86)	7471 (0.39)	5237 (0.60)
2853 (0.42)
other_transplant	==1	2207 (0.0)	1697 (0.03)	240 (0.01)	184 (0.02)
86 (0.01)
asplenia	==1	11340 (0.1)	8173 (0.14)	1565 (0.08)	1025 (0.12)
577 (0.08)
ra_sle_psoriasis	==1	420894 (4.5)	273898 (4.68)	76377 (3.98)	40692 (4.69)
29927 (4.38)
other_immuno	==1	33151 (0.4)	23252 (0.40)	5018 (0.26)	2582 (0.30)
2299 (0.34)
shield	==1	1974166 (21.2)	1287491 (21.98)	372680 (19.44)	180632 (20.81)
133363 (19.50)
anycomorb	==1	2826060 (30.3)	1883453 (32.16)	495417 (25.84)	259221 (29.87)
187969 (27.49)
