cons	==1	2682101 (100.0)	2593117 (100.00)	44389 (100.00)	29206 (100.00)
15389 (100.00)

agegroup	==1	0 (0.0)	0 (0.00)	0 (0.00)	0 (0.00)
0 (0.00)
agegroup	==2	0 (0.0)	0 (0.00)	0 (0.00)	0 (0.00)
0 (0.00)
agegroup	==3	0 (0.0)	0 (0.00)	0 (0.00)	0 (0.00)
0 (0.00)
agegroup	==4	0 (0.0)	0 (0.00)	0 (0.00)	0 (0.00)
0 (0.00)
agegroup	==5	633413 (23.6)	601121 (23.18)	17856 (40.23)	9024 (30.90)
5412 (35.17)
agegroup	==6	1356489 (50.6)	1313303 (50.65)	20935 (47.16)	14741 (50.47)
7510 (48.80)
agegroup	==7	692199 (25.8)	678693 (26.17)	5598 (12.61)	5441 (18.63)
2467 (16.03)

male	==0	1443799 (53.8)	1396387 (53.85)	23393 (52.70)	15300 (52.39)
8719 (56.66)
male	==1	1238302 (46.2)	1196730 (46.15)	20996 (47.30)	13906 (47.61)
6670 (43.34)

bmicat	==1	48366 (1.8)	47079 (1.82)	599 (1.35)	463 (1.59)
225 (1.46)
bmicat	==2	799338 (29.8)	776782 (29.96)	11698 (26.35)	7174 (24.56)
3684 (23.94)
bmicat	==3	986382 (36.8)	954861 (36.82)	15685 (35.34)	10575 (36.21)
5261 (34.19)
bmicat	==4	478901 (17.9)	461547 (17.80)	8554 (19.27)	5685 (19.47)
3115 (20.24)
bmicat	==5	156683 (5.8)	150636 (5.81)	2876 (6.48)	2066 (7.07)
1105 (7.18)
bmicat	==6	61072 (2.3)	58469 (2.25)	1225 (2.76)	876 (3.00)
502 (3.26)
bmicat	>=.	151359 (5.6)	143743 (5.54)	3752 (8.45)	2367 (8.10)
1497 (9.73)

smoke	==1	1059595 (39.5)	1016644 (39.21)	21656 (48.79)	13139 (44.99)
8156 (53.00)
smoke	==2	1394085 (52.0)	1358061 (52.37)	17660 (39.78)	12863 (44.04)
5501 (35.75)
smoke	==3	222030 (8.3)	212999 (8.21)	4552 (10.25)	2974 (10.18)
1505 (9.78)
smoke	>=.	6391 (0.2)	5413 (0.21)	521 (1.17)	230 (0.79)
227 (1.48)

ethnicity	==1	2531631 (94.4)	2472885 (95.36)	28846 (64.98)	21363 (73.15)
8537 (55.47)
ethnicity	==2	9964 (0.4)	8841 (0.34)	542 (1.22)	371 (1.27)
210 (1.36)
ethnicity	==3	90934 (3.4)	68500 (2.64)	11618 (26.17)	5523 (18.91)
5293 (34.39)
ethnicity	==4	27792 (1.0)	24068 (0.93)	1759 (3.96)	1158 (3.96)
807 (5.24)
ethnicity	==5	21780 (0.8)	18823 (0.73)	1624 (3.66)	791 (2.71)
542 (3.52)
ethnicity	>=.	0 (0.0)	0 (0.00)	0 (0.00)	0 (0.00)
0 (0.00)

imd	==1	659466 (24.6)	643320 (24.81)	7939 (17.89)	5768 (19.75)
2439 (15.85)
imd	==2	619004 (23.1)	602424 (23.23)	8359 (18.83)	5583 (19.12)
2638 (17.14)
imd	==3	580115 (21.6)	561400 (21.65)	9474 (21.34)	6266 (21.45)
2975 (19.33)
imd	==4	477227 (17.8)	457456 (17.64)	9869 (22.23)	6210 (21.26)
3692 (23.99)
imd	==5	346289 (12.9)	328517 (12.67)	8748 (19.71)	5379 (18.42)
3645 (23.69)

tot_adults_hh	==1	913198 (34.0)	909953 (35.09)	1433 (3.23)	1548 (5.30)
264 (1.72)
tot_adults_hh	==2	1383119 (51.6)	1366206 (52.69)	7585 (17.09)	7293 (24.97)
2035 (13.22)
tot_adults_hh	==3	385784 (14.4)	316958 (12.22)	35371 (79.68)	20365 (69.73)
13090 (85.06)

bpcat	==1	309534 (11.5)	298626 (11.52)	5548 (12.50)	3454 (11.83)
1906 (12.39)
bpcat	==2	417539 (15.6)	403950 (15.58)	6824 (15.37)	4427 (15.16)
2338 (15.19)
bpcat	==3	989247 (36.9)	956902 (36.90)	16174 (36.44)	10600 (36.29)
5571 (36.20)
bpcat	==4	951910 (35.5)	922147 (35.56)	14504 (32.67)	10184 (34.87)
5075 (32.98)
bpcat	>=.	13871 (0.5)	11492 (0.44)	1339 (3.02)	541 (1.85)
499 (3.24)
htdiag_or_highbp	==1	1857179 (69.2)	1797557 (69.32)	29201 (65.78)	20107 (68.85)
10314 (67.02)

chronic_respiratory_disease	==1	334440 (12.5)	324484 (12.51)	4762 (10.73)	3623 (12.40)
1571 (10.21)
asthma	==1	361857 (13.5)	349034 (13.46)	6385 (14.38)	4187 (14.34)
2251 (14.63)
chronic_cardiac_disease	==1	570331 (21.3)	552189 (21.29)	8676 (19.55)	6272 (21.48)
3194 (20.76)

diabcat	==1	2199149 (82.0)	2133803 (82.29)	32660 (73.58)	21930 (75.09)
10756 (69.89)
diabcat	==2	3558 (0.1)	3458 (0.13)	48 (0.11)	36 (0.12)
16 (0.10)
diabcat	==3	7399 (0.3)	7183 (0.28)	98 (0.22)	79 (0.27)
39 (0.25)
diabcat	==4	323582 (12.1)	308996 (11.92)	7242 (16.31)	4574 (15.66)
2770 (18.00)
diabcat	==5	146460 (5.5)	137922 (5.32)	4250 (9.57)	2531 (8.67)
1757 (11.42)
diabcat	==6	1953 (0.1)	1755 (0.07)	91 (0.21)	56 (0.19)
51 (0.33)

cancer_haem_cat	==2	3837 (0.1)	3733 (0.14)	48 (0.11)	39 (0.13)
17 (0.11)
cancer_haem_cat	==3	11627 (0.4)	11315 (0.44)	149 (0.34)	113 (0.39)
50 (0.32)
cancer_haem_cat	==4	23763 (0.9)	23153 (0.89)	295 (0.66)	205 (0.70)
110 (0.71)

cancer_exhaem_cat	==2	32296 (1.2)	31440 (1.21)	447 (1.01)	282 (0.97)
127 (0.83)
cancer_exhaem_cat	==3	95600 (3.6)	93113 (3.59)	1210 (2.73)	850 (2.91)
427 (2.77)
cancer_exhaem_cat	==4	254425 (9.5)	248867 (9.60)	2668 (6.01)	2065 (7.07)
825 (5.36)

reduced_kidney_function_cat	==2	562505 (21.0)	547479 (21.11)	6877 (15.49)	5450 (18.66)
2699 (17.54)
reduced_kidney_function_cat	==3	41106 (1.5)	39665 (1.53)	667 (1.50)	482 (1.65)
292 (1.90)
esrd	==1	6860 (0.3)	6477 (0.25)	182 (0.41)	115 (0.39)
86 (0.56)
chronic_liver_disease	==1	26316 (1.0)	25357 (0.98)	455 (1.03)	316 (1.08)
188 (1.22)
stroke_dementia	==1	203453 (7.6)	197398 (7.61)	2860 (6.44)	2091 (7.16)
1104 (7.17)
other_neuro	==1	54003 (2.0)	52403 (2.02)	772 (1.74)	527 (1.80)
301 (1.96)
other_transplant	==1	871 (0.0)	820 (0.03)	22 (0.05)	17 (0.06)
12 (0.08)
asplenia	==1	6724 (0.3)	6547 (0.25)	79 (0.18)	70 (0.24)
28 (0.18)
ra_sle_psoriasis	==1	208417 (7.8)	202454 (7.81)	2949 (6.64)	2092 (7.16)
922 (5.99)
other_immuno	==1	5394 (0.2)	5189 (0.20)	99 (0.22)	70 (0.24)
36 (0.23)
shield	==1	954947 (35.6)	926809 (35.74)	13734 (30.94)	9742 (33.36)
4662 (30.29)
anycomorb	==1	1636653 (61.0)	1582514 (61.03)	26519 (59.74)	18150 (62.14)
9470 (61.54)
