cons	==1	9334392 (100.0)	5862942 (100.00)	1918698 (100.00)	868582 (100.00)	684170 (100.00)

agegroup	==1	1981860 (21.2)	1363510 (23.26)	370176 (19.29)	163895 (18.87)	84279 (12.32)
agegroup	==2	2230655 (23.9)	1022787 (17.44)	888086 (46.29)	89796 (10.34)	229986 (33.62)
agegroup	==3	2022059 (21.7)	892381 (15.22)	493831 (25.74)	341432 (39.31)	294415 (43.03)
agegroup	==4	2062371 (22.1)	1622258 (27.67)	127370 (6.64)	248283 (28.58)	64460 (9.42)
agegroup	==5	1037447 (11.1)	962006 (16.41)	39235 (2.04)	25176 (2.90)	11030 (1.61)
agegroup	==6	0 (0.0)	0 (0.00)	0 (0.00)	0 (0.00)	0 (0.00)
agegroup	==7	0 (0.0)	0 (0.00)	0 (0.00)	0 (0.00)	0 (0.00)

male	==0	4802386 (51.4)	2837737 (48.40)	1102345 (57.45)	478341 (55.07)	383963 (56.12)
male	==1	4532006 (48.6)	3025205 (51.60)	816353 (42.55)	390241 (44.93)	300207 (43.88)

bmicat	==1	180395 (1.9)	120758 (2.06)	35697 (1.86)	13326 (1.53)	10614 (1.55)
bmicat	==2	2886762 (30.9)	1822971 (31.09)	638503 (33.28)	236507 (27.23)	188781 (27.59)
bmicat	==3	2551873 (27.3)	1583707 (27.01)	538493 (28.07)	239111 (27.53)	190562 (27.85)
bmicat	==4	1286837 (13.8)	810367 (13.82)	251842 (13.13)	124993 (14.39)	99635 (14.56)
bmicat	==5	521821 (5.6)	330749 (5.64)	99667 (5.19)	50579 (5.82)	40826 (5.97)
bmicat	==6	281814 (3.0)	181037 (3.09)	51978 (2.71)	27042 (3.11)	21757 (3.18)
bmicat	>=.	1624890 (17.4)	1013353 (17.28)	302518 (15.77)	177024 (20.38)	131995 (19.29)

smoke	==1	4491312 (48.1)	2817393 (48.05)	936586 (48.81)	422934 (48.69)	314399 (45.95)
smoke	==2	2684880 (28.8)	1664918 (28.40)	572564 (29.84)	251378 (28.94)	196020 (28.65)
smoke	==3	1900976 (20.4)	1230698 (20.99)	368327 (19.20)	152752 (17.59)	149199 (21.81)
smoke	>=.	257224 (2.8)	149933 (2.56)	41221 (2.15)	41518 (4.78)	24552 (3.59)

ethnicity	==1	7734228 (82.9)	5018723 (85.60)	1517885 (79.11)	698665 (80.44)	498955 (72.93)
ethnicity	==2	160065 (1.7)	95418 (1.63)	35811 (1.87)	14439 (1.66)	14397 (2.10)
ethnicity	==3	836666 (9.0)	395482 (6.75)	233110 (12.15)	99548 (11.46)	108526 (15.86)
ethnicity	==4	309079 (3.3)	168273 (2.87)	68060 (3.55)	33380 (3.84)	39366 (5.75)
ethnicity	==5	294354 (3.2)	185046 (3.16)	63832 (3.33)	22550 (2.60)	22926 (3.35)
ethnicity	>=.	0 (0.0)	0 (0.00)	0 (0.00)	0 (0.00)	0 (0.00)

imd	==1	1724481 (18.5)	1062278 (18.12)	366563 (19.10)	185680 (21.38)	109960 (16.07)
imd	==2	1850024 (19.8)	1196763 (20.41)	368768 (19.22)	172144 (19.82)	112349 (16.42)
imd	==3	1942791 (20.8)	1266447 (21.60)	381946 (19.91)	169873 (19.56)	124525 (18.20)
imd	==4	2010621 (21.5)	1273190 (21.72)	409140 (21.32)	174424 (20.08)	153867 (22.49)
imd	==5	1806475 (19.4)	1064264 (18.15)	392281 (20.45)	166461 (19.16)	183469 (26.82)

tot_adults_hh	==1	2260091 (24.2)	1777253 (30.31)	303248 (15.80)	101069 (11.64)	78521 (11.48)
tot_adults_hh	==2	3850961 (41.3)	2059460 (35.13)	1087817 (56.70)	351896 (40.51)	351788 (51.42)
tot_adults_hh	==3	3223340 (34.5)	2026229 (34.56)	527633 (27.50)	415617 (47.85)	253861 (37.10)

bpcat	==1	2475941 (26.5)	1370194 (23.37)	662266 (34.52)	230284 (26.51)	213197 (31.16)
bpcat	==2	1347313 (14.4)	830854 (14.17)	294240 (15.34)	121842 (14.03)	100377 (14.67)
bpcat	==3	2935415 (31.4)	1885302 (32.16)	557383 (29.05)	281362 (32.39)	211368 (30.89)
bpcat	==4	1585467 (17.0)	1110816 (18.95)	229031 (11.94)	149253 (17.18)	96367 (14.09)
bpcat	>=.	990256 (10.6)	665776 (11.36)	175778 (9.16)	85841 (9.88)	62861 (9.19)
htdiag_or_highbp	==1	2221567 (23.8)	1599551 (27.28)	291885 (15.21)	203970 (23.48)	126161 (18.44)

chronic_respiratory_disease	==1	196442 (2.1)	160272 (2.73)	15843 (0.83)	13212 (1.52)	7115 (1.04)
asthma	==1	1607197 (17.2)	1000699 (17.07)	336359 (17.53)	151963 (17.50)	118176 (17.27)
chronic_cardiac_disease	==1	274825 (2.9)	215880 (3.68)	26189 (1.36)	21156 (2.44)	11600 (1.70)

diabcat	==1	8877057 (95.1)	5527127 (94.27)	1865972 (97.25)	827415 (95.26)	656543 (95.96)
diabcat	==2	13036 (0.1)	8841 (0.15)	2533 (0.13)	998 (0.11)	664 (0.10)
diabcat	==3	39054 (0.4)	26998 (0.46)	6433 (0.34)	3354 (0.39)	2269 (0.33)
diabcat	==4	224926 (2.4)	167803 (2.86)	24103 (1.26)	19812 (2.28)	13208 (1.93)
diabcat	==5	175978 (1.9)	129290 (2.21)	18872 (0.98)	16657 (1.92)	11159 (1.63)
diabcat	==6	4341 (0.0)	2883 (0.05)	785 (0.04)	346 (0.04)	327 (0.05)

cancer_haem_cat	==2	2427 (0.0)	1799 (0.03)	295 (0.02)	203 (0.02)	130 (0.02)
cancer_haem_cat	==3	7583 (0.1)	5740 (0.10)	885 (0.05)	609 (0.07)	349 (0.05)
cancer_haem_cat	==4	19774 (0.2)	14464 (0.25)	2742 (0.14)	1664 (0.19)	904 (0.13)

cancer_exhaem_cat	==2	22851 (0.2)	17298 (0.30)	2428 (0.13)	2029 (0.23)	1096 (0.16)
cancer_exhaem_cat	==3	66072 (0.7)	50262 (0.86)	6961 (0.36)	5968 (0.69)	2881 (0.42)
cancer_exhaem_cat	==4	116131 (1.2)	91877 (1.57)	10380 (0.54)	9637 (1.11)	4237 (0.62)

reduced_kidney_function_cat	==2	96030 (1.0)	80145 (1.37)	6641 (0.35)	6391 (0.74)	2853 (0.42)
reduced_kidney_function_cat	==3	9342 (0.1)	7302 (0.12)	919 (0.05)	719 (0.08)	402 (0.06)
esrd	==1	11510 (0.1)	8716 (0.15)	1359 (0.07)	883 (0.10)	552 (0.08)
chronic_liver_disease	==1	54410 (0.6)	41508 (0.71)	6450 (0.34)	3633 (0.42)	2819 (0.41)
stroke_dementia	==1	76724 (0.8)	61665 (1.05)	6672 (0.35)	5446 (0.63)	2941 (0.43)
other_neuro	==1	66083 (0.7)	50488 (0.86)	7485 (0.39)	5248 (0.60)	2862 (0.42)
other_transplant	==1	2210 (0.0)	1700 (0.03)	240 (0.01)	184 (0.02)	86 (0.01)
asplenia	==1	11363 (0.1)	8190 (0.14)	1567 (0.08)	1029 (0.12)	577 (0.08)
ra_sle_psoriasis	==1	421447 (4.5)	274278 (4.68)	76463 (3.99)	40749 (4.69)	29957 (4.38)
other_immuno	==1	33165 (0.4)	23264 (0.40)	5018 (0.26)	2583 (0.30)	2300 (0.34)
shield	==1	1976741 (21.2)	1289269 (21.99)	373102 (19.45)	180874 (20.82)	133496 (19.51)
anycomorb	==1	2829678 (30.3)	1885989 (32.17)	495963 (25.85)	259559 (29.88)	188167 (27.50)
