cons	==1	2706505 (100.0)	2616423 (100.00)	44335 (100.00)	29854 (100.00)	15893 (100.00)

agegroup	==1	0 (0.0)	0 (0.00)	0 (0.00)	0 (0.00)	0 (0.00)
agegroup	==2	0 (0.0)	0 (0.00)	0 (0.00)	0 (0.00)	0 (0.00)
agegroup	==3	0 (0.0)	0 (0.00)	0 (0.00)	0 (0.00)	0 (0.00)
agegroup	==4	0 (0.0)	0 (0.00)	0 (0.00)	0 (0.00)	0 (0.00)
agegroup	==5	632027 (23.4)	599415 (22.91)	17826 (40.21)	9162 (30.69)	5624 (35.39)
agegroup	==6	1375657 (50.8)	1331707 (50.90)	21017 (47.40)	15153 (50.76)	7780 (48.95)
agegroup	==7	698821 (25.8)	685301 (26.19)	5492 (12.39)	5539 (18.55)	2489 (15.66)

male	==0	1457578 (53.9)	1409510 (53.87)	23386 (52.75)	15668 (52.48)	9014 (56.72)
male	==1	1248927 (46.1)	1206913 (46.13)	20949 (47.25)	14186 (47.52)	6879 (43.28)

bmicat	==1	44591 (1.6)	43371 (1.66)	551 (1.24)	438 (1.47)	231 (1.45)
bmicat	==2	793996 (29.3)	771543 (29.49)	11437 (25.80)	7215 (24.17)	3801 (23.92)
bmicat	==3	994595 (36.7)	962848 (36.80)	15609 (35.21)	10703 (35.85)	5435 (34.20)
bmicat	==4	485856 (18.0)	468212 (17.90)	8545 (19.27)	5891 (19.73)	3208 (20.18)
bmicat	==5	159518 (5.9)	153406 (5.86)	2893 (6.53)	2095 (7.02)	1124 (7.07)
bmicat	==6	62493 (2.3)	59863 (2.29)	1235 (2.79)	902 (3.02)	493 (3.10)
bmicat	>=.	165456 (6.1)	157180 (6.01)	4065 (9.17)	2610 (8.74)	1601 (10.07)

smoke	==1	1073743 (39.7)	1030164 (39.37)	21685 (48.91)	13480 (45.15)	8414 (52.94)
smoke	==2	1404161 (51.9)	1367878 (52.28)	17551 (39.59)	13095 (43.86)	5637 (35.47)
smoke	==3	222251 (8.2)	213027 (8.14)	4593 (10.36)	3036 (10.17)	1595 (10.04)
smoke	>=.	6350 (0.2)	5354 (0.20)	506 (1.14)	243 (0.81)	247 (1.55)

ethnicity	==1	2552971 (94.3)	2493459 (95.30)	28815 (64.99)	21851 (73.19)	8846 (55.66)
ethnicity	==2	10249 (0.4)	9122 (0.35)	549 (1.24)	361 (1.21)	217 (1.37)
ethnicity	==3	92732 (3.4)	70126 (2.68)	11582 (26.12)	5618 (18.82)	5406 (34.01)
ethnicity	==4	28209 (1.0)	24402 (0.93)	1771 (3.99)	1227 (4.11)	809 (5.09)
ethnicity	==5	22344 (0.8)	19314 (0.74)	1618 (3.65)	797 (2.67)	615 (3.87)
ethnicity	>=.	0 (0.0)	0 (0.00)	0 (0.00)	0 (0.00)	0 (0.00)

imd	==1	668867 (24.7)	652542 (24.94)	7945 (17.92)	5868 (19.66)	2512 (15.81)
imd	==2	636250 (23.5)	619228 (23.67)	8386 (18.92)	5888 (19.72)	2748 (17.29)
imd	==3	574847 (21.2)	556103 (21.25)	9309 (21.00)	6331 (21.21)	3104 (19.53)
imd	==4	479967 (17.7)	459987 (17.58)	9980 (22.51)	6246 (20.92)	3754 (23.62)
imd	==5	346574 (12.8)	328563 (12.56)	8715 (19.66)	5521 (18.49)	3775 (23.75)

tot_adults_hh	==1	921594 (34.1)	918322 (35.10)	1432 (3.23)	1579 (5.29)	261 (1.64)
tot_adults_hh	==2	1390726 (51.4)	1373830 (52.51)	7533 (16.99)	7296 (24.44)	2067 (13.01)
tot_adults_hh	==3	394185 (14.6)	324271 (12.39)	35370 (79.78)	20979 (70.27)	13565 (85.35)

bpcat	==1	310503 (11.5)	299723 (11.46)	5394 (12.17)	3510 (11.76)	1876 (11.80)
bpcat	==2	422947 (15.6)	409265 (15.64)	6749 (15.22)	4496 (15.06)	2437 (15.33)
bpcat	==3	1011992 (37.4)	978709 (37.41)	16518 (37.26)	10989 (36.81)	5776 (36.34)
bpcat	==4	946777 (35.0)	916919 (35.04)	14329 (32.32)	10281 (34.44)	5248 (33.02)
bpcat	>=.	14286 (0.5)	11807 (0.45)	1345 (3.03)	578 (1.94)	556 (3.50)
htdiag_or_highbp	==1	1858019 (68.7)	1798291 (68.73)	28917 (65.22)	20336 (68.12)	10475 (65.91)

chronic_respiratory_disease	==1	324691 (12.0)	315049 (12.04)	4507 (10.17)	3563 (11.93)	1572 (9.89)
asthma	==1	366433 (13.5)	353571 (13.51)	6353 (14.33)	4202 (14.08)	2307 (14.52)
chronic_cardiac_disease	==1	551840 (20.4)	534326 (20.42)	8245 (18.60)	6174 (20.68)	3095 (19.47)

diabcat	==1	2221833 (82.1)	2155520 (82.38)	32726 (73.82)	22454 (75.21)	11133 (70.05)
diabcat	==2	3710 (0.1)	3609 (0.14)	48 (0.11)	37 (0.12)	16 (0.10)
diabcat	==3	7352 (0.3)	7137 (0.27)	104 (0.23)	74 (0.25)	37 (0.23)
diabcat	==4	323947 (12.0)	309264 (11.82)	7154 (16.14)	4691 (15.71)	2838 (17.86)
diabcat	==5	147893 (5.5)	139316 (5.32)	4196 (9.46)	2552 (8.55)	1829 (11.51)
diabcat	==6	1770 (0.1)	1577 (0.06)	107 (0.24)	46 (0.15)	40 (0.25)

cancer_haem_cat	==2	3499 (0.1)	3410 (0.13)	36 (0.08)	35 (0.12)	18 (0.11)
cancer_haem_cat	==3	11138 (0.4)	10848 (0.41)	134 (0.30)	113 (0.38)	43 (0.27)
cancer_haem_cat	==4	23008 (0.9)	22415 (0.86)	286 (0.65)	202 (0.68)	105 (0.66)

cancer_exhaem_cat	==2	29009 (1.1)	28240 (1.08)	399 (0.90)	249 (0.83)	121 (0.76)
cancer_exhaem_cat	==3	92748 (3.4)	90331 (3.45)	1191 (2.69)	819 (2.74)	407 (2.56)
cancer_exhaem_cat	==4	248878 (9.2)	243450 (9.30)	2565 (5.79)	2060 (6.90)	803 (5.05)

reduced_kidney_function_cat	==2	560736 (20.7)	545878 (20.86)	6720 (15.16)	5474 (18.34)	2664 (16.76)
reduced_kidney_function_cat	==3	40212 (1.5)	38848 (1.48)	612 (1.38)	471 (1.58)	281 (1.77)
esrd	==1	6285 (0.2)	5934 (0.23)	159 (0.36)	110 (0.37)	82 (0.52)
chronic_liver_disease	==1	25834 (1.0)	24900 (0.95)	426 (0.96)	319 (1.07)	189 (1.19)
stroke_dementia	==1	191057 (7.1)	185318 (7.08)	2676 (6.04)	2016 (6.75)	1047 (6.59)
other_neuro	==1	51397 (1.9)	49856 (1.91)	719 (1.62)	534 (1.79)	288 (1.81)
other_transplant	==1	852 (0.0)	802 (0.03)	19 (0.04)	17 (0.06)	14 (0.09)
asplenia	==1	6639 (0.2)	6458 (0.25)	88 (0.20)	67 (0.22)	26 (0.16)
ra_sle_psoriasis	==1	208797 (7.7)	202856 (7.75)	2917 (6.58)	2061 (6.90)	963 (6.06)
other_immuno	==1	5658 (0.2)	5448 (0.21)	110 (0.25)	68 (0.23)	32 (0.20)
shield	==1	941453 (34.8)	913752 (34.92)	13374 (30.17)	9663 (32.37)	4664 (29.35)
anycomorb	==1	1623911 (60.0)	1570025 (60.01)	26049 (58.75)	18226 (61.05)	9611 (60.47)
