cons	==1	2684524 (100.0)	2595472 (100.00)	44420 (100.00)	29227 (100.00)	15405 (100.00)

agegroup	==1	0 (0.0)	0 (0.00)	0 (0.00)	0 (0.00)	0 (0.00)
agegroup	==2	0 (0.0)	0 (0.00)	0 (0.00)	0 (0.00)	0 (0.00)
agegroup	==3	0 (0.0)	0 (0.00)	0 (0.00)	0 (0.00)	0 (0.00)
agegroup	==4	0 (0.0)	0 (0.00)	0 (0.00)	0 (0.00)	0 (0.00)
agegroup	==5	633913 (23.6)	601603 (23.18)	17863 (40.21)	9030 (30.90)	5417 (35.16)
agegroup	==6	1357522 (50.6)	1314301 (50.64)	20952 (47.17)	14752 (50.47)	7517 (48.80)
agegroup	==7	693089 (25.8)	679568 (26.18)	5605 (12.62)	5445 (18.63)	2471 (16.04)

male	==0	1445097 (53.8)	1397650 (53.85)	23411 (52.70)	15309 (52.38)	8727 (56.65)
male	==1	1239427 (46.2)	1197822 (46.15)	21009 (47.30)	13918 (47.62)	6678 (43.35)

bmicat	==1	48518 (1.8)	47232 (1.82)	596 (1.34)	465 (1.59)	225 (1.46)
bmicat	==2	800412 (29.8)	777844 (29.97)	11709 (26.36)	7168 (24.53)	3691 (23.96)
bmicat	==3	987076 (36.8)	955538 (36.82)	15690 (35.32)	10585 (36.22)	5263 (34.16)
bmicat	==4	479258 (17.9)	461889 (17.80)	8560 (19.27)	5693 (19.48)	3116 (20.23)
bmicat	==5	156751 (5.8)	150696 (5.81)	2877 (6.48)	2073 (7.09)	1105 (7.17)
bmicat	==6	61135 (2.3)	58530 (2.26)	1227 (2.76)	875 (2.99)	503 (3.27)
bmicat	>=.	151374 (5.6)	143743 (5.54)	3761 (8.47)	2368 (8.10)	1502 (9.75)

smoke	==1	1060734 (39.5)	1017749 (39.21)	21672 (48.79)	13150 (44.99)	8163 (52.99)
smoke	==2	1395189 (52.0)	1359139 (52.37)	17673 (39.79)	12873 (44.04)	5504 (35.73)
smoke	==3	222197 (8.3)	213161 (8.21)	4554 (10.25)	2974 (10.18)	1508 (9.79)
smoke	>=.	6404 (0.2)	5423 (0.21)	521 (1.17)	230 (0.79)	230 (1.49)

ethnicity	==1	2533944 (94.4)	2475149 (95.36)	28867 (64.99)	21381 (73.15)	8547 (55.48)
ethnicity	==2	9970 (0.4)	8847 (0.34)	542 (1.22)	371 (1.27)	210 (1.36)
ethnicity	==3	91000 (3.4)	68550 (2.64)	11626 (26.17)	5525 (18.90)	5299 (34.40)
ethnicity	==4	27818 (1.0)	24091 (0.93)	1761 (3.96)	1159 (3.97)	807 (5.24)
ethnicity	==5	21792 (0.8)	18835 (0.73)	1624 (3.66)	791 (2.71)	542 (3.52)
ethnicity	>=.	0 (0.0)	0 (0.00)	0 (0.00)	0 (0.00)	0 (0.00)

imd	==1	651069 (24.3)	635133 (24.47)	7829 (17.62)	5705 (19.52)	2402 (15.59)
imd	==2	629037 (23.4)	612217 (23.59)	8482 (19.10)	5656 (19.35)	2682 (17.41)
imd	==3	580534 (21.6)	561800 (21.65)	9483 (21.35)	6272 (21.46)	2979 (19.34)
imd	==4	477447 (17.8)	457663 (17.63)	9876 (22.23)	6212 (21.25)	3696 (23.99)
imd	==5	346437 (12.9)	328659 (12.66)	8750 (19.70)	5382 (18.41)	3646 (23.67)

tot_adults_hh	==1	913998 (34.0)	910750 (35.09)	1435 (3.23)	1549 (5.30)	264 (1.71)
tot_adults_hh	==2	1384390 (51.6)	1367469 (52.69)	7590 (17.09)	7295 (24.96)	2036 (13.22)
tot_adults_hh	==3	386136 (14.4)	317253 (12.22)	35395 (79.68)	20383 (69.74)	13105 (85.07)

bpcat	==1	309796 (11.5)	298880 (11.52)	5551 (12.50)	3457 (11.83)	1908 (12.39)
bpcat	==2	417855 (15.6)	404259 (15.58)	6827 (15.37)	4429 (15.15)	2340 (15.19)
bpcat	==3	990139 (36.9)	957771 (36.90)	16184 (36.43)	10608 (36.30)	5576 (36.20)
bpcat	==4	952842 (35.5)	923056 (35.56)	14516 (32.68)	10192 (34.87)	5078 (32.96)
bpcat	>=.	13892 (0.5)	11506 (0.44)	1342 (3.02)	541 (1.85)	503 (3.27)
htdiag_or_highbp	==1	1859250 (69.3)	1799565 (69.33)	29235 (65.81)	20126 (68.86)	10324 (67.02)

chronic_respiratory_disease	==1	334940 (12.5)	324968 (12.52)	4769 (10.74)	3627 (12.41)	1576 (10.23)
asthma	==1	362235 (13.5)	349399 (13.46)	6392 (14.39)	4190 (14.34)	2254 (14.63)
chronic_cardiac_disease	==1	571371 (21.3)	553202 (21.31)	8687 (19.56)	6283 (21.50)	3199 (20.77)

diabcat	==1	2201205 (82.0)	2135805 (82.29)	32686 (73.58)	21947 (75.09)	10767 (69.89)
diabcat	==2	3563 (0.1)	3463 (0.13)	48 (0.11)	36 (0.12)	16 (0.10)
diabcat	==3	7408 (0.3)	7191 (0.28)	98 (0.22)	80 (0.27)	39 (0.25)
diabcat	==4	323854 (12.1)	309255 (11.92)	7246 (16.31)	4578 (15.66)	2775 (18.01)
diabcat	==5	146537 (5.5)	137999 (5.32)	4251 (9.57)	2530 (8.66)	1757 (11.41)
diabcat	==6	1957 (0.1)	1759 (0.07)	91 (0.20)	56 (0.19)	51 (0.33)

cancer_haem_cat	==2	3839 (0.1)	3735 (0.14)	48 (0.11)	39 (0.13)	17 (0.11)
cancer_haem_cat	==3	11638 (0.4)	11326 (0.44)	149 (0.34)	113 (0.39)	50 (0.32)
cancer_haem_cat	==4	23786 (0.9)	23176 (0.89)	295 (0.66)	205 (0.70)	110 (0.71)

cancer_exhaem_cat	==2	32334 (1.2)	31478 (1.21)	447 (1.01)	282 (0.96)	127 (0.82)
cancer_exhaem_cat	==3	95696 (3.6)	93208 (3.59)	1211 (2.73)	850 (2.91)	427 (2.77)
cancer_exhaem_cat	==4	254667 (9.5)	249106 (9.60)	2670 (6.01)	2066 (7.07)	825 (5.36)

reduced_kidney_function_cat	==2	563148 (21.0)	548113 (21.12)	6880 (15.49)	5454 (18.66)	2701 (17.53)
reduced_kidney_function_cat	==3	41148 (1.5)	39702 (1.53)	668 (1.50)	485 (1.66)	293 (1.90)
esrd	==1	6885 (0.3)	6498 (0.25)	183 (0.41)	117 (0.40)	87 (0.56)
chronic_liver_disease	==1	26389 (1.0)	25427 (0.98)	456 (1.03)	316 (1.08)	190 (1.23)
stroke_dementia	==1	204093 (7.6)	198024 (7.63)	2868 (6.46)	2095 (7.17)	1106 (7.18)
other_neuro	==1	54121 (2.0)	52516 (2.02)	775 (1.74)	528 (1.81)	302 (1.96)
other_transplant	==1	872 (0.0)	821 (0.03)	22 (0.05)	17 (0.06)	12 (0.08)
asplenia	==1	6733 (0.3)	6556 (0.25)	79 (0.18)	70 (0.24)	28 (0.18)
ra_sle_psoriasis	==1	208673 (7.8)	202704 (7.81)	2951 (6.64)	2096 (7.17)	922 (5.99)
other_immuno	==1	5397 (0.2)	5192 (0.20)	99 (0.22)	70 (0.24)	36 (0.23)
shield	==1	956589 (35.6)	928407 (35.77)	13753 (30.96)	9756 (33.38)	4673 (30.33)
anycomorb	==1	1638898 (61.0)	1584706 (61.06)	26541 (59.75)	18171 (62.17)	9480 (61.54)
