cons	==1	9266919 (100.0)	5826609 (100.00)	1849103 (100.00)	895168 (100.00)	696039 (100.00)

agegroup	==1	1912652 (20.6)	1315490 (22.58)	338068 (18.28)	172635 (19.29)	86459 (12.42)
agegroup	==2	2222046 (24.0)	1042511 (17.89)	854529 (46.21)	92963 (10.38)	232043 (33.34)
agegroup	==3	2021030 (21.8)	883126 (15.16)	491383 (26.57)	346632 (38.72)	299889 (43.09)
agegroup	==4	2064172 (22.3)	1615153 (27.72)	126089 (6.82)	256739 (28.68)	66191 (9.51)
agegroup	==5	1047019 (11.3)	970329 (16.65)	39034 (2.11)	26199 (2.93)	11457 (1.65)
agegroup	==6	0 (0.0)	0 (0.00)	0 (0.00)	0 (0.00)	0 (0.00)
agegroup	==7	0 (0.0)	0 (0.00)	0 (0.00)	0 (0.00)	0 (0.00)

male	==0	4757515 (51.3)	2813198 (48.28)	1061462 (57.40)	492480 (55.02)	390375 (56.09)
male	==1	4509404 (48.7)	3013411 (51.72)	787641 (42.60)	402688 (44.98)	305664 (43.91)

bmicat	==1	177343 (1.9)	118586 (2.04)	34346 (1.86)	13714 (1.53)	10697 (1.54)
bmicat	==2	2822640 (30.5)	1785837 (30.65)	608002 (32.88)	239762 (26.78)	189039 (27.16)
bmicat	==3	2489283 (26.9)	1548515 (26.58)	511776 (27.68)	239722 (26.78)	189270 (27.19)
bmicat	==4	1256346 (13.6)	793251 (13.61)	239641 (12.96)	124754 (13.94)	98700 (14.18)
bmicat	==5	510314 (5.5)	324286 (5.57)	94777 (5.13)	50645 (5.66)	40606 (5.83)
bmicat	==6	275736 (3.0)	177670 (3.05)	49510 (2.68)	26873 (3.00)	21683 (3.12)
bmicat	>=.	1735257 (18.7)	1078464 (18.51)	311051 (16.82)	199698 (22.31)	146044 (20.98)

smoke	==1	4451215 (48.0)	2797847 (48.02)	902700 (48.82)	432370 (48.30)	318298 (45.73)
smoke	==2	2677563 (28.9)	1662786 (28.54)	554278 (29.98)	259788 (29.02)	200711 (28.84)
smoke	==3	1866970 (20.1)	1210916 (20.78)	351077 (18.99)	154942 (17.31)	150035 (21.56)
smoke	>=.	271171 (2.9)	155060 (2.66)	41048 (2.22)	48068 (5.37)	26995 (3.88)

ethnicity	==1	7666700 (82.7)	4978892 (85.45)	1462663 (79.10)	717609 (80.16)	507536 (72.92)
ethnicity	==2	160932 (1.7)	96111 (1.65)	34747 (1.88)	15243 (1.70)	14831 (2.13)
ethnicity	==3	835735 (9.0)	397786 (6.83)	224660 (12.15)	103212 (11.53)	110077 (15.81)
ethnicity	==4	309730 (3.3)	169139 (2.90)	65419 (3.54)	35237 (3.94)	39935 (5.74)
ethnicity	==5	293822 (3.2)	184681 (3.17)	61614 (3.33)	23867 (2.67)	23660 (3.40)
ethnicity	>=.	0 (0.0)	0 (0.00)	0 (0.00)	0 (0.00)	0 (0.00)

imd	==1	1741677 (18.8)	1074749 (18.45)	359760 (19.46)	193610 (21.63)	113558 (16.31)
imd	==2	1837273 (19.8)	1191807 (20.45)	354459 (19.17)	177150 (19.79)	113857 (16.36)
imd	==3	1898184 (20.5)	1238423 (21.25)	362430 (19.60)	172020 (19.22)	125311 (18.00)
imd	==4	1994633 (21.5)	1263543 (21.69)	394553 (21.34)	179832 (20.09)	156705 (22.51)
imd	==5	1795152 (19.4)	1058087 (18.16)	377901 (20.44)	172556 (19.28)	186608 (26.81)

tot_adults_hh	==1	2223814 (24.0)	1753725 (30.10)	290337 (15.70)	101161 (11.30)	78591 (11.29)
tot_adults_hh	==2	3772870 (40.7)	2021828 (34.70)	1042094 (56.36)	354375 (39.59)	354573 (50.94)
tot_adults_hh	==3	3270235 (35.3)	2051056 (35.20)	516672 (27.94)	439632 (49.11)	262875 (37.77)

bpcat	==1	2452608 (26.5)	1361836 (23.37)	635143 (34.35)	238615 (26.66)	217014 (31.18)
bpcat	==2	1335410 (14.4)	824985 (14.16)	283730 (15.34)	124896 (13.95)	101799 (14.63)
bpcat	==3	2924903 (31.6)	1882308 (32.31)	539829 (29.19)	288445 (32.22)	214321 (30.79)
bpcat	==4	1552001 (16.7)	1086911 (18.65)	219023 (11.84)	149585 (16.71)	96482 (13.86)
bpcat	>=.	1001997 (10.8)	670569 (11.51)	171378 (9.27)	93627 (10.46)	66423 (9.54)
htdiag_or_highbp	==1	2174941 (23.5)	1567337 (26.90)	278336 (15.05)	203794 (22.77)	125474 (18.03)

chronic_respiratory_disease	==1	185356 (2.0)	151101 (2.59)	14739 (0.80)	12738 (1.42)	6778 (0.97)
asthma	==1	1595772 (17.2)	995010 (17.08)	324574 (17.55)	155995 (17.43)	120193 (17.27)
chronic_cardiac_disease	==1	260386 (2.8)	204395 (3.51)	24381 (1.32)	20461 (2.29)	11149 (1.60)

diabcat	==1	8811895 (95.1)	5492611 (94.27)	1797701 (97.22)	853282 (95.32)	668301 (96.01)
diabcat	==2	13740 (0.1)	9365 (0.16)	2629 (0.14)	1048 (0.12)	698 (0.10)
diabcat	==3	38109 (0.4)	26324 (0.45)	6140 (0.33)	3402 (0.38)	2243 (0.32)
diabcat	==4	221590 (2.4)	165152 (2.83)	23255 (1.26)	19958 (2.23)	13225 (1.90)
diabcat	==5	177484 (1.9)	130481 (2.24)	18651 (1.01)	17116 (1.91)	11236 (1.61)
diabcat	==6	4101 (0.0)	2676 (0.05)	727 (0.04)	362 (0.04)	336 (0.05)

cancer_haem_cat	==2	2232 (0.0)	1652 (0.03)	270 (0.01)	186 (0.02)	124 (0.02)
cancer_haem_cat	==3	7103 (0.1)	5311 (0.09)	844 (0.05)	605 (0.07)	343 (0.05)
cancer_haem_cat	==4	19067 (0.2)	13995 (0.24)	2558 (0.14)	1637 (0.18)	877 (0.13)

cancer_exhaem_cat	==2	20699 (0.2)	15632 (0.27)	2144 (0.12)	1936 (0.22)	987 (0.14)
cancer_exhaem_cat	==3	61958 (0.7)	47146 (0.81)	6331 (0.34)	5700 (0.64)	2781 (0.40)
cancer_exhaem_cat	==4	110193 (1.2)	87255 (1.50)	9646 (0.52)	9235 (1.03)	4057 (0.58)

reduced_kidney_function_cat	==2	95475 (1.0)	79704 (1.37)	6540 (0.35)	6437 (0.72)	2794 (0.40)
reduced_kidney_function_cat	==3	9104 (0.1)	7096 (0.12)	890 (0.05)	717 (0.08)	401 (0.06)
esrd	==1	10787 (0.1)	8189 (0.14)	1245 (0.07)	838 (0.09)	515 (0.07)
chronic_liver_disease	==1	51834 (0.6)	39444 (0.68)	6044 (0.33)	3549 (0.40)	2797 (0.40)
stroke_dementia	==1	72174 (0.8)	57944 (0.99)	6152 (0.33)	5225 (0.58)	2853 (0.41)
other_neuro	==1	64030 (0.7)	48899 (0.84)	7128 (0.39)	5206 (0.58)	2797 (0.40)
other_transplant	==1	2122 (0.0)	1646 (0.03)	225 (0.01)	168 (0.02)	83 (0.01)
asplenia	==1	10883 (0.1)	7892 (0.14)	1458 (0.08)	1003 (0.11)	530 (0.08)
ra_sle_psoriasis	==1	412685 (4.5)	268884 (4.61)	72906 (3.94)	41117 (4.59)	29778 (4.28)
other_immuno	==1	33238 (0.4)	23385 (0.40)	4807 (0.26)	2730 (0.30)	2316 (0.33)
shield	==1	1944911 (21.0)	1267606 (21.76)	358550 (19.39)	183976 (20.55)	134779 (19.36)
anycomorb	==1	2782512 (30.0)	1853883 (31.82)	476053 (25.75)	263308 (29.41)	189268 (27.19)
