cons	==1	9334392 (100.0)	51560 (0.55)	6374 (0.07)	1601 (0.02)	1219 (0.01)	10580 (0.11)	

agegroup	==1	1981860 (21.2)	9778 (0.49)	345 (0.02)	45 (0.00)	12 (0.00)	280 (0.01)	
agegroup	==2	2230655 (23.9)	11580 (0.52)	766 (0.03)	132 (0.01)	46 (0.00)	654 (0.03)	
agegroup	==3	2022059 (21.7)	11897 (0.59)	1402 (0.07)	316 (0.02)	160 (0.01)	1671 (0.08)	
agegroup	==4	2062371 (22.1)	12740 (0.62)	2344 (0.11)	648 (0.03)	466 (0.02)	4001 (0.19)	
agegroup	==5	1037447 (11.1)	5565 (0.54)	1517 (0.15)	460 (0.04)	535 (0.05)	3974 (0.38)	
agegroup	==6	0 (0.0)	0 (   .)	0 (   .)	0 (   .)	0 (   .)	0 (   .)	
agegroup	==7	0 (0.0)	0 (   .)	0 (   .)	0 (   .)	0 (   .)	0 (   .)	

male	==0	4802386 (51.4)	30629 (0.64)	2740 (0.06)	513 (0.01)	436 (0.01)	4284 (0.09)	
male	==1	4532006 (48.6)	20931 (0.46)	3634 (0.08)	1088 (0.02)	783 (0.02)	6296 (0.14)	

bmicat	==1	180395 (1.9)	804 (0.45)	74 (0.04)	9 (0.00)	22 (0.01)	579 (0.32)	
bmicat	==2	2886762 (30.9)	13498 (0.47)	981 (0.03)	184 (0.01)	194 (0.01)	3170 (0.11)	
bmicat	==3	2551873 (27.3)	14743 (0.58)	1829 (0.07)	434 (0.02)	319 (0.01)	2714 (0.11)	
bmicat	==4	1286837 (13.8)	9118 (0.71)	1470 (0.11)	414 (0.03)	251 (0.02)	1610 (0.13)	
bmicat	==5	521821 (5.6)	4207 (0.81)	824 (0.16)	232 (0.04)	180 (0.03)	737 (0.14)	
bmicat	==6	281814 (3.0)	2655 (0.94)	601 (0.21)	170 (0.06)	123 (0.04)	584 (0.21)	
bmicat	>=.	1624890 (17.4)	6535 (0.40)	595 (0.04)	158 (0.01)	130 (0.01)	1186 (0.07)	

smoke	==1	4491312 (48.1)	28132 (0.63)	3342 (0.07)	814 (0.02)	509 (0.01)	2795 (0.06)	
smoke	==2	2684880 (28.8)	15829 (0.59)	2389 (0.09)	669 (0.02)	515 (0.02)	3652 (0.14)	
smoke	==3	1900976 (20.4)	6683 (0.35)	602 (0.03)	111 (0.01)	190 (0.01)	4073 (0.21)	
smoke	>=.	257224 (2.8)	916 (0.36)	41 (0.02)	7 (0.00)	REDACTED	60 (0.02)	

ethnicity	==1	7734228 (82.9)	35276 (0.46)	4120 (0.05)	1002 (0.01)	827 (0.01)	9604 (0.12)	
ethnicity	==2	160065 (1.7)	1052 (0.66)	161 (0.10)	46 (0.03)	28 (0.02)	95 (0.06)	
ethnicity	==3	836666 (9.0)	11067 (1.32)	1291 (0.15)	328 (0.04)	220 (0.03)	484 (0.06)	
ethnicity	==4	309079 (3.3)	2656 (0.86)	525 (0.17)	148 (0.05)	103 (0.03)	281 (0.09)	
ethnicity	==5	294354 (3.2)	1509 (0.51)	277 (0.09)	77 (0.03)	41 (0.01)	116 (0.04)	
ethnicity	>=.	0 (0.0)	0 (   .)	0 (   .)	0 (   .)	0 (   .)	0 (   .)	

imd	==1	1724481 (18.5)	7391 (0.43)	854 (0.05)	197 (0.01)	121 (0.01)	1343 (0.08)	
imd	==2	1850024 (19.8)	8627 (0.47)	1021 (0.06)	260 (0.01)	177 (0.01)	1666 (0.09)	
imd	==3	1942791 (20.8)	9870 (0.51)	1161 (0.06)	313 (0.02)	227 (0.01)	1975 (0.10)	
imd	==4	2010621 (21.5)	12239 (0.61)	1577 (0.08)	406 (0.02)	351 (0.02)	2486 (0.12)	
imd	==5	1806475 (19.4)	13433 (0.74)	1761 (0.10)	425 (0.02)	343 (0.02)	3110 (0.17)	

tot_adults_hh	==1	2260091 (24.2)	10670 (0.47)	1459 (0.06)	346 (0.02)	339 (0.01)	3912 (0.17)	
tot_adults_hh	==2	3850961 (41.3)	20288 (0.53)	2319 (0.06)	564 (0.01)	392 (0.01)	3836 (0.10)	
tot_adults_hh	==3	3223340 (34.5)	20602 (0.64)	2596 (0.08)	691 (0.02)	488 (0.02)	2832 (0.09)	

bpcat	==1	2475941 (26.5)	13741 (0.55)	1232 (0.05)	218 (0.01)	235 (0.01)	2506 (0.10)	
bpcat	==2	1347313 (14.4)	7493 (0.56)	777 (0.06)	183 (0.01)	145 (0.01)	1371 (0.10)	
bpcat	==3	2935415 (31.4)	17396 (0.59)	2418 (0.08)	642 (0.02)	449 (0.02)	3403 (0.12)	
bpcat	==4	1585467 (17.0)	9740 (0.61)	1787 (0.11)	517 (0.03)	374 (0.02)	3075 (0.19)	
bpcat	>=.	990256 (10.6)	3190 (0.32)	160 (0.02)	41 (0.00)	16 (0.00)	225 (0.02)	
htdiag_or_highbp	==1	2221567 (23.8)	14915 (0.67)	3087 (0.14)	908 (0.04)	735 (0.03)	5194 (0.23)	

chronic_respiratory_disease	==1	196442 (2.1)	1706 (0.87)	602 (0.31)	152 (0.08)	177 (0.09)	1821 (0.93)	
asthma	==1	1607197 (17.2)	9659 (0.60)	1430 (0.09)	325 (0.02)	243 (0.02)	1974 (0.12)	
chronic_cardiac_disease	==1	274825 (2.9)	2446 (0.89)	758 (0.28)	191 (0.07)	238 (0.09)	1825 (0.66)	

diabcat	==1	8877057 (95.1)	46639 (0.53)	4892 (0.06)	1131 (0.01)	793 (0.01)	8504 (0.10)	
diabcat	==2	13036 (0.1)	82 (0.63)	21 (0.16)	7 (0.05)	6 (0.05)	68 (0.52)	
diabcat	==3	39054 (0.4)	313 (0.80)	78 (0.20)	23 (0.06)	21 (0.05)	191 (0.49)	
diabcat	==4	224926 (2.4)	2300 (1.02)	650 (0.29)	193 (0.09)	178 (0.08)	913 (0.41)	
diabcat	==5	175978 (1.9)	2187 (1.24)	722 (0.41)	240 (0.14)	214 (0.12)	877 (0.50)	
diabcat	==6	4341 (0.0)	39 (0.90)	11 (0.25)	7 (0.16)	7 (0.16)	27 (0.62)	

cancer_haem_cat	==2	2427 (0.0)	46 (1.90)	11 (0.45)	REDACTED	7 (0.29)	80 (3.30)	
cancer_haem_cat	==3	7583 (0.1)	103 (1.36)	45 (0.59)	9 (0.12)	15 (0.20)	113 (1.49)	
cancer_haem_cat	==4	19774 (0.2)	140 (0.71)	40 (0.20)	15 (0.08)	14 (0.07)	106 (0.54)	

cancer_exhaem_cat	==2	22851 (0.2)	210 (0.92)	57 (0.25)	7 (0.03)	32 (0.14)	1248 (5.46)	
cancer_exhaem_cat	==3	66072 (0.7)	434 (0.66)	106 (0.16)	19 (0.03)	48 (0.07)	1340 (2.03)	
cancer_exhaem_cat	==4	116131 (1.2)	715 (0.62)	138 (0.12)	21 (0.02)	49 (0.04)	757 (0.65)	

reduced_kidney_function_cat	==2	96030 (1.0)	858 (0.89)	291 (0.30)	90 (0.09)	128 (0.13)	690 (0.72)	
reduced_kidney_function_cat	==3	9342 (0.1)	352 (3.77)	140 (1.50)	37 (0.40)	67 (0.72)	322 (3.45)	
esrd	==1	11510 (0.1)	374 (3.25)	157 (1.36)	49 (0.43)	50 (0.43)	195 (1.69)	
chronic_liver_disease	==1	54410 (0.6)	557 (1.02)	156 (0.29)	25 (0.05)	65 (0.12)	1005 (1.85)	
stroke_dementia	==1	76724 (0.8)	768 (1.00)	246 (0.32)	64 (0.08)	91 (0.12)	731 (0.95)	
other_neuro	==1	66083 (0.7)	486 (0.74)	165 (0.25)	20 (0.03)	66 (0.10)	416 (0.63)	
other_transplant	==1	2210 (0.0)	37 (1.67)	11 (0.50)	REDACTED	REDACTED	31 (1.40)	
asplenia	==1	11363 (0.1)	107 (0.94)	22 (0.19)	10 (0.09)	REDACTED	89 (0.78)	
ra_sle_psoriasis	==1	421447 (4.5)	2603 (0.62)	452 (0.11)	120 (0.03)	98 (0.02)	799 (0.19)	
other_immuno	==1	33165 (0.4)	365 (1.10)	47 (0.14)	18 (0.05)	21 (0.06)	156 (0.47)	
shield	==1	1976741 (21.2)	12740 (0.64)	2284 (0.12)	548 (0.03)	532 (0.03)	6589 (0.33)	
