cons	==1	2706505 (100.0)	34519 (1.28)	4280 (0.16)	784 (0.03)	4108 (0.15)	21796 (0.81)	

agegroup	==1	0 (0.0)	0 (   .)	0 (   .)	0 (   .)	0 (   .)	0 (   .)	
agegroup	==2	0 (0.0)	0 (   .)	0 (   .)	0 (   .)	0 (   .)	0 (   .)	
agegroup	==3	0 (0.0)	0 (   .)	0 (   .)	0 (   .)	0 (   .)	0 (   .)	
agegroup	==4	0 (0.0)	0 (   .)	0 (   .)	0 (   .)	0 (   .)	0 (   .)	
agegroup	==5	632027 (23.4)	8124 (1.29)	573 (0.09)	213 (0.03)	286 (0.05)	1654 (0.26)	
agegroup	==6	1375657 (50.8)	14938 (1.09)	1809 (0.13)	459 (0.03)	1275 (0.09)	7153 (0.52)	
agegroup	==7	698821 (25.8)	11457 (1.64)	1898 (0.27)	112 (0.02)	2547 (0.36)	12989 (1.86)	

male	==0	1457578 (53.9)	17650 (1.21)	1858 (0.13)	232 (0.02)	1666 (0.11)	10433 (0.72)	
male	==1	1248927 (46.1)	16869 (1.35)	2422 (0.19)	552 (0.04)	2442 (0.20)	11363 (0.91)	

bmicat	==1	44591 (1.6)	709 (1.59)	98 (0.22)	REDACTED	146 (0.33)	1395 (3.13)	
bmicat	==2	793996 (29.3)	8798 (1.11)	994 (0.13)	98 (0.01)	1178 (0.15)	7870 (0.99)	
bmicat	==3	994595 (36.7)	12485 (1.26)	1401 (0.14)	280 (0.03)	1265 (0.13)	6496 (0.65)	
bmicat	==4	485856 (18.0)	7227 (1.49)	1002 (0.21)	228 (0.05)	803 (0.17)	2942 (0.61)	
bmicat	==5	159518 (5.9)	2601 (1.63)	407 (0.26)	93 (0.06)	314 (0.20)	1030 (0.65)	
bmicat	==6	62493 (2.3)	1128 (1.81)	190 (0.30)	49 (0.08)	171 (0.27)	512 (0.82)	
bmicat	>=.	165456 (6.1)	1571 (0.95)	188 (0.11)	34 (0.02)	231 (0.14)	1551 (0.94)	

smoke	==1	1073743 (39.7)	12321 (1.15)	1207 (0.11)	216 (0.02)	1122 (0.10)	6413 (0.60)	
smoke	==2	1404161 (51.9)	20122 (1.43)	2830 (0.20)	539 (0.04)	2693 (0.19)	12819 (0.91)	
smoke	==3	222251 (8.2)	2043 (0.92)	239 (0.11)	28 (0.01)	287 (0.13)	2539 (1.14)	
smoke	>=.	6350 (0.2)	33 (0.52)	REDACTED	REDACTED	6 (0.09)	25 (0.39)	

ethnicity	==1	2552971 (94.3)	31054 (1.22)	3731 (0.15)	669 (0.03)	3701 (0.14)	20786 (0.81)	
ethnicity	==2	10249 (0.4)	117 (1.14)	13 (0.13)	REDACTED	19 (0.19)	78 (0.76)	
ethnicity	==3	92732 (3.4)	2791 (3.01)	438 (0.47)	88 (0.09)	310 (0.33)	611 (0.66)	
ethnicity	==4	28209 (1.0)	323 (1.15)	61 (0.22)	17 (0.06)	54 (0.19)	207 (0.73)	
ethnicity	==5	22344 (0.8)	234 (1.05)	37 (0.17)	8 (0.04)	24 (0.11)	114 (0.51)	
ethnicity	>=.	0 (0.0)	0 (   .)	0 (   .)	0 (   .)	0 (   .)	0 (   .)	

imd	==1	668867 (24.7)	6175 (0.92)	633 (0.09)	127 (0.02)	677 (0.10)	4469 (0.67)	
imd	==2	636250 (23.5)	6674 (1.05)	693 (0.11)	118 (0.02)	709 (0.11)	4685 (0.74)	
imd	==3	574847 (21.2)	6480 (1.13)	762 (0.13)	156 (0.03)	736 (0.13)	4588 (0.80)	
imd	==4	479967 (17.7)	7360 (1.53)	899 (0.19)	180 (0.04)	922 (0.19)	4295 (0.89)	
imd	==5	346574 (12.8)	7830 (2.26)	1293 (0.37)	203 (0.06)	1064 (0.31)	3759 (1.08)	

tot_adults_hh	==1	921594 (34.1)	12322 (1.34)	1680 (0.18)	239 (0.03)	1859 (0.20)	9846 (1.07)	
tot_adults_hh	==2	1390726 (51.4)	15600 (1.12)	1813 (0.13)	378 (0.03)	1645 (0.12)	9189 (0.66)	
tot_adults_hh	==3	394185 (14.6)	6597 (1.67)	787 (0.20)	167 (0.04)	604 (0.15)	2761 (0.70)	

bpcat	==1	310503 (11.5)	4830 (1.56)	636 (0.20)	89 (0.03)	754 (0.24)	5004 (1.61)	
bpcat	==2	422947 (15.6)	5614 (1.33)	695 (0.16)	117 (0.03)	754 (0.18)	3497 (0.83)	
bpcat	==3	1011992 (37.4)	12469 (1.23)	1508 (0.15)	308 (0.03)	1317 (0.13)	6420 (0.63)	
bpcat	==4	946777 (35.0)	11544 (1.22)	1435 (0.15)	267 (0.03)	1275 (0.13)	6828 (0.72)	
bpcat	>=.	14286 (0.5)	62 (0.43)	6 (0.04)	REDACTED	8 (0.06)	47 (0.33)	
htdiag_or_highbp	==1	1858019 (68.7)	25105 (1.35)	3340 (0.18)	573 (0.03)	3254 (0.18)	16794 (0.90)	

chronic_respiratory_disease	==1	324691 (12.0)	6356 (1.96)	1313 (0.40)	187 (0.06)	1189 (0.37)	5638 (1.74)	
asthma	==1	366433 (13.5)	5610 (1.53)	771 (0.21)	135 (0.04)	647 (0.18)	3016 (0.82)	
chronic_cardiac_disease	==1	551840 (20.4)	10384 (1.88)	1735 (0.31)	235 (0.04)	1962 (0.36)	9142 (1.66)	

diabcat	==1	2221833 (82.1)	25566 (1.15)	2774 (0.12)	506 (0.02)	2625 (0.12)	15723 (0.71)	
diabcat	==2	3710 (0.1)	57 (1.54)	9 (0.24)	REDACTED	12 (0.32)	64 (1.73)	
diabcat	==3	7352 (0.3)	135 (1.84)	21 (0.29)	REDACTED	27 (0.37)	110 (1.50)	
diabcat	==4	323947 (12.0)	5616 (1.73)	878 (0.27)	157 (0.05)	882 (0.27)	3963 (1.22)	
diabcat	==5	147893 (5.5)	3101 (2.10)	595 (0.40)	116 (0.08)	557 (0.38)	1897 (1.28)	
diabcat	==6	1770 (0.1)	44 (2.49)	REDACTED	REDACTED	REDACTED	39 (2.20)	

cancer_haem_cat	==2	3499 (0.1)	53 (1.51)	9 (0.26)	REDACTED	10 (0.29)	132 (3.77)	
cancer_haem_cat	==3	11138 (0.4)	191 (1.71)	37 (0.33)	6 (0.05)	43 (0.39)	265 (2.38)	
cancer_haem_cat	==4	23008 (0.9)	384 (1.67)	72 (0.31)	16 (0.07)	80 (0.35)	408 (1.77)	

cancer_exhaem_cat	==2	29009 (1.1)	434 (1.50)	62 (0.21)	REDACTED	87 (0.30)	1199 (4.13)	
cancer_exhaem_cat	==3	92748 (3.4)	1257 (1.36)	172 (0.19)	30 (0.03)	203 (0.22)	1749 (1.89)	
cancer_exhaem_cat	==4	248878 (9.2)	3350 (1.35)	449 (0.18)	69 (0.03)	494 (0.20)	3131 (1.26)	

reduced_kidney_function_cat	==2	560736 (20.7)	8830 (1.57)	1470 (0.26)	202 (0.04)	1661 (0.30)	7765 (1.38)	
reduced_kidney_function_cat	==3	40212 (1.5)	1143 (2.84)	237 (0.59)	24 (0.06)	413 (1.03)	1892 (4.71)	
esrd	==1	6285 (0.2)	213 (3.39)	37 (0.59)	10 (0.16)	43 (0.68)	244 (3.88)	
chronic_liver_disease	==1	25834 (1.0)	503 (1.95)	77 (0.30)	13 (0.05)	89 (0.34)	586 (2.27)	
stroke_dementia	==1	191057 (7.1)	4133 (2.16)	659 (0.34)	57 (0.03)	827 (0.43)	4167 (2.18)	
other_neuro	==1	51397 (1.9)	1091 (2.12)	158 (0.31)	17 (0.03)	209 (0.41)	1063 (2.07)	
other_transplant	==1	852 (0.0)	15 (1.76)	6 (0.70)	REDACTED	REDACTED	16 (1.88)	
asplenia	==1	6639 (0.2)	107 (1.61)	15 (0.23)	REDACTED	15 (0.23)	107 (1.61)	
ra_sle_psoriasis	==1	208797 (7.7)	3040 (1.46)	451 (0.22)	80 (0.04)	405 (0.19)	1956 (0.94)	
other_immuno	==1	5658 (0.2)	86 (1.52)	12 (0.21)	REDACTED	16 (0.28)	112 (1.98)	
shield	==1	941453 (34.8)	14751 (1.57)	2320 (0.25)	359 (0.04)	2244 (0.24)	13841 (1.47)	
