cons	==1	2684524 (100.0)	18893 (0.70)	8560 (0.32)	732 (0.03)	6507 (0.24)	45940 (1.71)	

agegroup	==1	0 (0.0)	0 (   .)	0 (   .)	0 (   .)	0 (   .)	0 (   .)	
agegroup	==2	0 (0.0)	0 (   .)	0 (   .)	0 (   .)	0 (   .)	0 (   .)	
agegroup	==3	0 (0.0)	0 (   .)	0 (   .)	0 (   .)	0 (   .)	0 (   .)	
agegroup	==4	0 (0.0)	0 (   .)	0 (   .)	0 (   .)	0 (   .)	0 (   .)	
agegroup	==5	633913 (23.6)	2723 (0.43)	1045 (0.16)	240 (0.04)	475 (0.07)	3682 (0.58)	
agegroup	==6	1357522 (50.6)	7153 (0.53)	3239 (0.24)	428 (0.03)	2032 (0.15)	14970 (1.10)	
agegroup	==7	693089 (25.8)	9017 (1.30)	4276 (0.62)	64 (0.01)	4000 (0.58)	27288 (3.94)	

male	==0	1445097 (53.8)	9065 (0.63)	3593 (0.25)	210 (0.01)	2688 (0.19)	22087 (1.53)	
male	==1	1239427 (46.2)	9828 (0.79)	4967 (0.40)	522 (0.04)	3819 (0.31)	23853 (1.92)	

bmicat	==1	48518 (1.8)	710 (1.46)	263 (0.54)	REDACTED	253 (0.52)	2985 (6.15)	
bmicat	==2	800412 (29.8)	5697 (0.71)	2405 (0.30)	122 (0.02)	1996 (0.25)	17122 (2.14)	
bmicat	==3	987076 (36.8)	6129 (0.62)	2764 (0.28)	280 (0.03)	1952 (0.20)	13160 (1.33)	
bmicat	==4	479258 (17.9)	3500 (0.73)	1695 (0.35)	188 (0.04)	1190 (0.25)	6105 (1.27)	
bmicat	==5	156751 (5.8)	1349 (0.86)	704 (0.45)	81 (0.05)	488 (0.31)	2259 (1.44)	
bmicat	==6	61135 (2.3)	605 (0.99)	304 (0.50)	23 (0.04)	218 (0.36)	1011 (1.65)	
bmicat	>=.	151374 (5.6)	903 (0.60)	425 (0.28)	34 (0.02)	410 (0.27)	3298 (2.18)	

smoke	==1	1060734 (39.5)	6317 (0.60)	2612 (0.25)	224 (0.02)	1906 (0.18)	13564 (1.28)	
smoke	==2	1395189 (52.0)	11234 (0.81)	5401 (0.39)	471 (0.03)	4126 (0.30)	26874 (1.93)	
smoke	==3	222197 (8.3)	1312 (0.59)	537 (0.24)	33 (0.01)	464 (0.21)	5423 (2.44)	
smoke	>=.	6404 (0.2)	30 (0.47)	10 (0.16)	REDACTED	11 (0.17)	79 (1.23)	

ethnicity	==1	2533944 (94.4)	16803 (0.66)	7448 (0.29)	603 (0.02)	5796 (0.23)	43761 (1.73)	
ethnicity	==2	9970 (0.4)	94 (0.94)	51 (0.51)	8 (0.08)	35 (0.35)	133 (1.33)	
ethnicity	==3	91000 (3.4)	1407 (1.55)	709 (0.78)	73 (0.08)	467 (0.51)	1362 (1.50)	
ethnicity	==4	27818 (1.0)	397 (1.43)	248 (0.89)	29 (0.10)	145 (0.52)	443 (1.59)	
ethnicity	==5	21792 (0.8)	192 (0.88)	104 (0.48)	19 (0.09)	64 (0.29)	241 (1.11)	
ethnicity	>=.	0 (0.0)	0 (   .)	0 (   .)	0 (   .)	0 (   .)	0 (   .)	

imd	==1	651069 (24.3)	3333 (0.51)	1385 (0.21)	143 (0.02)	1101 (0.17)	8972 (1.38)	
imd	==2	629037 (23.4)	3795 (0.60)	1626 (0.26)	145 (0.02)	1299 (0.21)	9782 (1.56)	
imd	==3	580534 (21.6)	3797 (0.65)	1753 (0.30)	162 (0.03)	1314 (0.23)	9752 (1.68)	
imd	==4	477447 (17.8)	4163 (0.87)	1948 (0.41)	161 (0.03)	1430 (0.30)	9234 (1.93)	
imd	==5	346437 (12.9)	3805 (1.10)	1848 (0.53)	121 (0.03)	1363 (0.39)	8200 (2.37)	

tot_adults_hh	==1	913998 (34.0)	8180 (0.89)	3690 (0.40)	184 (0.02)	3028 (0.33)	21246 (2.32)	
tot_adults_hh	==2	1384390 (51.6)	7508 (0.54)	3421 (0.25)	388 (0.03)	2459 (0.18)	18799 (1.36)	
tot_adults_hh	==3	386136 (14.4)	3205 (0.83)	1449 (0.38)	160 (0.04)	1020 (0.26)	5895 (1.53)	

bpcat	==1	309796 (11.5)	3282 (1.06)	1522 (0.49)	84 (0.03)	1334 (0.43)	10455 (3.37)	
bpcat	==2	417855 (15.6)	3138 (0.75)	1485 (0.36)	114 (0.03)	1176 (0.28)	7693 (1.84)	
bpcat	==3	990139 (36.9)	6163 (0.62)	2814 (0.28)	264 (0.03)	1969 (0.20)	13670 (1.38)	
bpcat	==4	952842 (35.5)	6279 (0.66)	2727 (0.29)	265 (0.03)	2017 (0.21)	14026 (1.47)	
bpcat	>=.	13892 (0.5)	31 (0.22)	12 (0.09)	REDACTED	11 (0.08)	96 (0.69)	
htdiag_or_highbp	==1	1859250 (69.3)	14515 (0.78)	6673 (0.36)	542 (0.03)	5111 (0.27)	35289 (1.90)	

chronic_respiratory_disease	==1	334940 (12.5)	4581 (1.37)	2339 (0.70)	134 (0.04)	1659 (0.50)	12241 (3.65)	
asthma	==1	362235 (13.5)	3209 (0.89)	1450 (0.40)	117 (0.03)	993 (0.27)	6166 (1.70)	
chronic_cardiac_disease	==1	571371 (21.3)	7262 (1.27)	3520 (0.62)	172 (0.03)	2805 (0.49)	19427 (3.40)	

diabcat	==1	2201205 (82.0)	12799 (0.58)	5512 (0.25)	510 (0.02)	4173 (0.19)	33039 (1.50)	
diabcat	==2	3563 (0.1)	50 (1.40)	26 (0.73)	REDACTED	20 (0.56)	125 (3.51)	
diabcat	==3	7408 (0.3)	127 (1.71)	54 (0.73)	REDACTED	47 (0.63)	273 (3.69)	
diabcat	==4	323854 (12.1)	3770 (1.16)	1803 (0.56)	125 (0.04)	1427 (0.44)	8447 (2.61)	
diabcat	==5	146537 (5.5)	2116 (1.44)	1145 (0.78)	91 (0.06)	829 (0.57)	3990 (2.72)	
diabcat	==6	1957 (0.1)	31 (1.58)	20 (1.02)	REDACTED	11 (0.56)	66 (3.37)	

cancer_haem_cat	==2	3839 (0.1)	74 (1.93)	36 (0.94)	6 (0.16)	31 (0.81)	333 (8.67)	
cancer_haem_cat	==3	11638 (0.4)	184 (1.58)	105 (0.90)	15 (0.13)	83 (0.71)	572 (4.91)	
cancer_haem_cat	==4	23786 (0.9)	308 (1.29)	134 (0.56)	8 (0.03)	109 (0.46)	871 (3.66)	

cancer_exhaem_cat	==2	32334 (1.2)	425 (1.31)	202 (0.62)	7 (0.02)	181 (0.56)	3614 (11.18)	
cancer_exhaem_cat	==3	95696 (3.6)	805 (0.84)	383 (0.40)	20 (0.02)	314 (0.33)	4205 (4.39)	
cancer_exhaem_cat	==4	254667 (9.5)	2244 (0.88)	1018 (0.40)	61 (0.02)	783 (0.31)	6780 (2.66)	

reduced_kidney_function_cat	==2	563148 (21.0)	6172 (1.10)	2963 (0.53)	156 (0.03)	2552 (0.45)	16311 (2.90)	
reduced_kidney_function_cat	==3	41148 (1.5)	1218 (2.96)	640 (1.56)	17 (0.04)	597 (1.45)	3856 (9.37)	
esrd	==1	6885 (0.3)	334 (4.85)	174 (2.53)	13 (0.19)	121 (1.76)	537 (7.80)	
chronic_liver_disease	==1	26389 (1.0)	380 (1.44)	173 (0.66)	8 (0.03)	138 (0.52)	1160 (4.40)	
stroke_dementia	==1	204093 (7.6)	3502 (1.72)	1581 (0.77)	63 (0.03)	1370 (0.67)	9118 (4.47)	
other_neuro	==1	54121 (2.0)	938 (1.73)	430 (0.79)	13 (0.02)	388 (0.72)	2253 (4.16)	
other_transplant	==1	872 (0.0)	21 (2.41)	8 (0.92)	REDACTED	7 (0.80)	35 (4.01)	
asplenia	==1	6733 (0.3)	80 (1.19)	34 (0.50)	REDACTED	17 (0.25)	205 (3.04)	
ra_sle_psoriasis	==1	208673 (7.8)	1915 (0.92)	861 (0.41)	68 (0.03)	625 (0.30)	4222 (2.02)	
other_immuno	==1	5397 (0.2)	77 (1.43)	34 (0.63)	REDACTED	29 (0.54)	221 (4.09)	
shield	==1	956589 (35.6)	9662 (1.01)	4547 (0.48)	317 (0.03)	3330 (0.35)	29076 (3.04)	
