cons	==1	9266919 (100.0)	241693 (2.61)	3616 (0.04)	1102 (0.01)	591 (0.01)	4409 (0.05)	

agegroup	==1	1912652 (20.6)	62523 (3.27)	246 (0.01)	39 (0.00)	6 (0.00)	60 (0.00)	
agegroup	==2	2222046 (24.0)	56007 (2.52)	440 (0.02)	102 (0.00)	14 (0.00)	205 (0.01)	
agegroup	==3	2021030 (21.8)	52553 (2.60)	771 (0.04)	222 (0.01)	67 (0.00)	647 (0.03)	
agegroup	==4	2064172 (22.3)	51315 (2.49)	1302 (0.06)	426 (0.02)	250 (0.01)	1772 (0.09)	
agegroup	==5	1047019 (11.3)	19295 (1.84)	857 (0.08)	313 (0.03)	254 (0.02)	1725 (0.16)	
agegroup	==6	0 (0.0)	0 (   .)	0 (   .)	0 (   .)	0 (   .)	0 (   .)	
agegroup	==7	0 (0.0)	0 (   .)	0 (   .)	0 (   .)	0 (   .)	0 (   .)	

male	==0	4757515 (51.3)	135947 (2.86)	1573 (0.03)	342 (0.01)	201 (0.00)	1866 (0.04)	
male	==1	4509404 (48.7)	105746 (2.35)	2043 (0.05)	760 (0.02)	390 (0.01)	2543 (0.06)	

bmicat	==1	177343 (1.9)	3515 (1.98)	31 (0.02)	5 (0.00)	11 (0.01)	230 (0.13)	
bmicat	==2	2822640 (30.5)	66149 (2.34)	442 (0.02)	97 (0.00)	74 (0.00)	1286 (0.05)	
bmicat	==3	2489283 (26.9)	67124 (2.70)	944 (0.04)	248 (0.01)	131 (0.01)	1107 (0.04)	
bmicat	==4	1256346 (13.6)	38047 (3.03)	890 (0.07)	314 (0.02)	154 (0.01)	710 (0.06)	
bmicat	==5	510314 (5.5)	16402 (3.21)	518 (0.10)	169 (0.03)	87 (0.02)	339 (0.07)	
bmicat	==6	275736 (3.0)	9298 (3.37)	397 (0.14)	142 (0.05)	71 (0.03)	233 (0.08)	
bmicat	>=.	1735257 (18.7)	41158 (2.37)	394 (0.02)	127 (0.01)	63 (0.00)	504 (0.03)	

smoke	==1	4451215 (48.0)	129583 (2.91)	1840 (0.04)	524 (0.01)	214 (0.00)	1199 (0.03)	
smoke	==2	2677563 (28.9)	73998 (2.76)	1468 (0.05)	500 (0.02)	292 (0.01)	1568 (0.06)	
smoke	==3	1866970 (20.1)	30547 (1.64)	287 (0.02)	69 (0.00)	85 (0.00)	1613 (0.09)	
smoke	>=.	271171 (2.9)	7565 (2.79)	21 (0.01)	9 (0.00)	0 (0.00)	29 (0.01)	

ethnicity	==1	7666700 (82.7)	190672 (2.49)	2470 (0.03)	731 (0.01)	471 (0.01)	4002 (0.05)	
ethnicity	==2	160932 (1.7)	4026 (2.50)	66 (0.04)	24 (0.01)	6 (0.00)	43 (0.03)	
ethnicity	==3	835735 (9.0)	34963 (4.18)	789 (0.09)	262 (0.03)	93 (0.01)	203 (0.02)	
ethnicity	==4	309730 (3.3)	7029 (2.27)	184 (0.06)	52 (0.02)	17 (0.01)	110 (0.04)	
ethnicity	==5	293822 (3.2)	5003 (1.70)	107 (0.04)	33 (0.01)	REDACTED	51 (0.02)	
ethnicity	>=.	0 (0.0)	0 (   .)	0 (   .)	0 (   .)	0 (   .)	0 (   .)	

imd	==1	1741677 (18.8)	41659 (2.39)	437 (0.03)	123 (0.01)	52 (0.00)	602 (0.03)	
imd	==2	1837273 (19.8)	43514 (2.37)	494 (0.03)	155 (0.01)	72 (0.00)	734 (0.04)	
imd	==3	1898184 (20.5)	45357 (2.39)	574 (0.03)	179 (0.01)	86 (0.00)	830 (0.04)	
imd	==4	1994633 (21.5)	54108 (2.71)	832 (0.04)	252 (0.01)	141 (0.01)	1026 (0.05)	
imd	==5	1795152 (19.4)	57055 (3.18)	1279 (0.07)	393 (0.02)	240 (0.01)	1217 (0.07)	

tot_adults_hh	==1	2223814 (24.0)	49780 (2.24)	775 (0.03)	209 (0.01)	166 (0.01)	1497 (0.07)	
tot_adults_hh	==2	3772870 (40.7)	94536 (2.51)	1280 (0.03)	399 (0.01)	201 (0.01)	1686 (0.04)	
tot_adults_hh	==3	3270235 (35.3)	97377 (2.98)	1561 (0.05)	494 (0.02)	224 (0.01)	1226 (0.04)	

bpcat	==1	2452608 (26.5)	68001 (2.77)	663 (0.03)	142 (0.01)	84 (0.00)	1020 (0.04)	
bpcat	==2	1335410 (14.4)	36135 (2.71)	526 (0.04)	143 (0.01)	85 (0.01)	557 (0.04)	
bpcat	==3	2924903 (31.6)	77834 (2.66)	1382 (0.05)	443 (0.02)	227 (0.01)	1489 (0.05)	
bpcat	==4	1552001 (16.7)	38762 (2.50)	952 (0.06)	352 (0.02)	190 (0.01)	1267 (0.08)	
bpcat	>=.	1001997 (10.8)	20961 (2.09)	93 (0.01)	22 (0.00)	REDACTED	76 (0.01)	
htdiag_or_highbp	==1	2174941 (23.5)	55350 (2.54)	1634 (0.08)	611 (0.03)	341 (0.02)	2216 (0.10)	

chronic_respiratory_disease	==1	185356 (2.0)	4401 (2.37)	412 (0.22)	145 (0.08)	114 (0.06)	766 (0.41)	
asthma	==1	1595772 (17.2)	45694 (2.86)	906 (0.06)	249 (0.02)	130 (0.01)	792 (0.05)	
chronic_cardiac_disease	==1	260386 (2.8)	7115 (2.73)	396 (0.15)	133 (0.05)	130 (0.05)	811 (0.31)	

diabcat	==1	8811895 (95.1)	227899 (2.59)	2783 (0.03)	778 (0.01)	387 (0.00)	3468 (0.04)	
diabcat	==2	13740 (0.1)	336 (2.45)	REDACTED	REDACTED	REDACTED	29 (0.21)	
diabcat	==3	38109 (0.4)	1042 (2.73)	32 (0.08)	15 (0.04)	6 (0.02)	86 (0.23)	
diabcat	==4	221590 (2.4)	6556 (2.96)	371 (0.17)	127 (0.06)	92 (0.04)	438 (0.20)	
diabcat	==5	177484 (1.9)	5752 (3.24)	419 (0.24)	173 (0.10)	101 (0.06)	374 (0.21)	
diabcat	==6	4101 (0.0)	108 (2.63)	6 (0.15)	7 (0.17)	2 (0.05)	14 (0.34)	

cancer_haem_cat	==2	2232 (0.0)	57 (2.55)	7 (0.31)	REDACTED	REDACTED	31 (1.39)	
cancer_haem_cat	==3	7103 (0.1)	171 (2.41)	14 (0.20)	8 (0.11)	9 (0.13)	23 (0.32)	
cancer_haem_cat	==4	19067 (0.2)	462 (2.42)	23 (0.12)	9 (0.05)	14 (0.07)	51 (0.27)	

cancer_exhaem_cat	==2	20699 (0.2)	477 (2.30)	28 (0.14)	9 (0.04)	17 (0.08)	426 (2.06)	
cancer_exhaem_cat	==3	61958 (0.7)	1488 (2.40)	51 (0.08)	16 (0.03)	24 (0.04)	496 (0.80)	
cancer_exhaem_cat	==4	110193 (1.2)	2569 (2.33)	74 (0.07)	21 (0.02)	22 (0.02)	320 (0.29)	

reduced_kidney_function_cat	==2	95475 (1.0)	2312 (2.42)	130 (0.14)	62 (0.06)	52 (0.05)	302 (0.32)	
reduced_kidney_function_cat	==3	9104 (0.1)	360 (3.95)	55 (0.60)	26 (0.29)	21 (0.23)	135 (1.48)	
esrd	==1	10787 (0.1)	396 (3.67)	56 (0.52)	30 (0.28)	18 (0.17)	90 (0.83)	
chronic_liver_disease	==1	51834 (0.6)	1202 (2.32)	50 (0.10)	15 (0.03)	34 (0.07)	458 (0.88)	
stroke_dementia	==1	72174 (0.8)	1762 (2.44)	103 (0.14)	32 (0.04)	39 (0.05)	321 (0.44)	
other_neuro	==1	64030 (0.7)	1372 (2.14)	74 (0.12)	10 (0.02)	23 (0.04)	177 (0.28)	
other_transplant	==1	2122 (0.0)	64 (3.02)	8 (0.38)	REDACTED	REDACTED	9 (0.42)	
asplenia	==1	10883 (0.1)	247 (2.27)	13 (0.12)	REDACTED	REDACTED	43 (0.40)	
ra_sle_psoriasis	==1	412685 (4.5)	11255 (2.73)	255 (0.06)	80 (0.02)	60 (0.01)	363 (0.09)	
other_immuno	==1	33238 (0.4)	799 (2.40)	11 (0.03)	REDACTED	9 (0.03)	57 (0.17)	
shield	==1	1944911 (21.0)	53970 (2.77)	1399 (0.07)	429 (0.02)	290 (0.01)	2922 (0.15)	
